%YAML:1.0
cameraMatrix: !!opencv-matrix
   rows: 3
   cols: 3
   dt: d
   data: [ 3.9033842858528368e+02, 0., 2.4959373141979214e+02, 0.,
       3.8968954236194503e+02, 2.1940198970882039e+02, 0., 0., 1. ]
distortionCoefficients: !!opencv-matrix
   rows: 1
   cols: 5
   dt: d
   data: [ 1.8084559029559202e-01, -7.8556082526933946e-01,
       -1.7336728533991759e-03, 4.5129768383931580e-03,
       8.6477118052536839e-01 ]
rotation: !!opencv-matrix
   rows: 3
   cols: 3
   dt: d
   data: [ 1., 0., 0., 0., 1., 0., 0., 0., 1. ]
projection: !!opencv-matrix
   rows: 4
   cols: 4
   dt: d
   data: [ 3.9033842858528368e+02, 0., 2.4959373141979214e+02, 0., 0.,
       3.8968954236194503e+02, 2.1940198970882039e+02, 0., 0., 0., 1.,
       0., 0., 0., 0., 1. ]
