%YAML:1.0
rotation: !!opencv-matrix
   rows: 3
   cols: 3
   dt: d
   data: [ 9.4098115267850402e-01, -1.9338624200199422e-02,
       3.3790603415428583e-01, 7.7966148381651140e-02,
       9.8390175342896402e-01, -1.6080615444049542e-01,
       -3.2935656970882526e-01, 1.7766079256114323e-01,
       9.2734076410787758e-01 ]
translation: !!opencv-matrix
   rows: 3
   cols: 1
   dt: d
   data: [ -1.6227752276866711e-01, 1.0085549274830460e-01,
       -2.3015869427169542e+00 ]
essential: !!opencv-matrix
   rows: 3
   cols: 3
   dt: d
   data: [ 1.4622844996126594e-01, 2.2824534953842281e+00,
       -2.7658193565908090e-01, -2.2191971025875272e+00,
       7.3339878259229455e-02, -6.2723355411294412e-01,
       -1.0755527123944685e-01, -1.5771473272141479e-01,
       -7.9844551886966431e-03 ]
fundamental: !!opencv-matrix
   rows: 3
   cols: 3
   dt: d
   data: [ 2.7732393528269452e-07, 4.3359071502633817e-06,
       -1.2252734105869293e-03, -4.2156525493121408e-06,
       1.3955058956284418e-07, 5.5649007069864267e-04,
       1.9555393232659952e-03, -4.6637909576813796e-03, 1. ]
