%YAML:1.0
depthShift: 6.7014500746772001e+01
