%YAML:1.0
cameraMatrix: !!opencv-matrix
   rows: 3
   cols: 3
   dt: d
   data: [ 1.0944543604174444e+03, 0., 9.8128331248184281e+02, 0.,
       1.0926578770435510e+03, 5.8138549945582827e+02, 0., 0., 1. ]
distortionCoefficients: !!opencv-matrix
   rows: 1
   cols: 5
   dt: d
   data: [ 6.7029485959088753e-02, 4.8511401698184001e-04,
       1.4483082653956304e-02, 2.7163162780711719e-03,
       -6.7450350455080813e-02 ]
rotation: !!opencv-matrix
   rows: 3
   cols: 3
   dt: d
   data: [ 1., 0., 0., 0., 1., 0., 0., 0., 1. ]
projection: !!opencv-matrix
   rows: 4
   cols: 4
   dt: d
   data: [ 1.0944543604174444e+03, 0., 9.8128331248184281e+02, 0., 0.,
       1.0926578770435510e+03, 5.8138549945582827e+02, 0., 0., 0., 1.,
       0., 0., 0., 0., 1. ]
