%YAML:1.0
depthShift: 1.8497345834734475e+01
