%YAML:1.0
cameraMatrix: !!opencv-matrix
   rows: 3
   cols: 3
   dt: d
   data: [ 1.0523217137161578e+03, 0., 9.6885850875831864e+02, 0.,
       1.0515102140185213e+03, 5.4129817629332206e+02, 0., 0., 1. ]
distortionCoefficients: !!opencv-matrix
   rows: 1
   cols: 5
   dt: d
   data: [ 4.1433782198195393e-02, -5.0000332165778046e-02,
       -1.1305714083463642e-03, 1.4002406973040570e-03,
       6.3765424584514398e-03 ]
rotation: !!opencv-matrix
   rows: 3
   cols: 3
   dt: d
   data: [ 1., 0., 0., 0., 1., 0., 0., 0., 1. ]
projection: !!opencv-matrix
   rows: 4
   cols: 4
   dt: d
   data: [ 1.0523217137161578e+03, 0., 9.6885850875831864e+02, 0., 0.,
       1.0515102140185213e+03, 5.4129817629332206e+02, 0., 0., 0., 1.,
       0., 0., 0., 0., 1. ]
