%YAML:1.0
rotation: !!opencv-matrix
   rows: 3
   cols: 3
   dt: d
   data: [ 9.6585960418288375e-01, -1.0852953844702105e-01,
       2.3523725107252808e-01, 7.7100356413913565e-02,
       9.8729563966571987e-01, 1.3893471466089569e-01,
       -2.4732723272727275e-01, -1.1605455261011344e-01,
       9.6195664183472207e-01 ]
translation: !!opencv-matrix
   rows: 3
   cols: 1
   dt: d
   data: [ -5.1718347210933280e-01, -2.1623662623884957e-01,
       -1.3780402979495229e-01 ]
essential: !!opencv-matrix
   rows: 3
   cols: 3
   dt: d
   data: [ 6.4105946194400631e-02, 1.6114856266099137e-01,
       -1.8886449525971041e-01, -2.6101290264164290e-01,
       -4.5065688723207993e-02, 4.6509143488703408e-01,
       1.6897919219788252e-01, -5.3408104816176516e-01,
       -2.0987828587216789e-02 ]
fundamental: !!opencv-matrix
   rows: 3
   cols: 3
   dt: d
   data: [ 1.5370983791440054e-06, 3.8738810276655106e-06,
       -2.7871302035290370e-03, -6.2632588737149907e-06,
       -1.0841787512228614e-06, 5.7992557897823538e-03,
       6.1647447595273765e-03, -1.6677006779879478e-02,
       9.9999999999999989e-01 ]
