%YAML:1.0
depthShift: -3.9491327133967900e+01
