%YAML:1.0
cameraMatrix: !!opencv-matrix
   rows: 3
   cols: 3
   dt: d
   data: [ 1.0529509767906357e+03, 0., 9.6925763576429517e+02, 0.,
       1.0538070762232560e+03, 5.4463800376529423e+02, 0., 0., 1. ]
distortionCoefficients: !!opencv-matrix
   rows: 1
   cols: 5
   dt: d
   data: [ 6.9033882844404010e-02, -6.0377065679707749e-02,
       6.1783491199657661e-04, 6.2846453734451855e-03,
       -1.1399094702602509e-02 ]
rotation: !!opencv-matrix
   rows: 3
   cols: 3
   dt: d
   data: [ 1., 0., 0., 0., 1., 0., 0., 0., 1. ]
projection: !!opencv-matrix
   rows: 4
   cols: 4
   dt: d
   data: [ 1.0529509767906357e+03, 0., 9.6925763576429517e+02, 0., 0.,
       1.0538070762232560e+03, 5.4463800376529423e+02, 0., 0., 0., 1.,
       0., 0., 0., 0., 1. ]
