%YAML:1.0
cameraMatrix: !!opencv-matrix
   rows: 3
   cols: 3
   dt: d
   data: [ 3.6038051332567244e+02, 0., 2.4926874373482204e+02, 0.,
       3.5945523002476477e+02, 1.9928311975926641e+02, 0., 0., 1. ]
distortionCoefficients: !!opencv-matrix
   rows: 1
   cols: 5
   dt: d
   data: [ 9.0620957560121521e-02, -2.6813928778530516e-01,
       -1.9091048279637237e-05, 3.0337697884048375e-03,
       1.0123859402948598e-01 ]
rotation: !!opencv-matrix
   rows: 3
   cols: 3
   dt: d
   data: [ 1., 0., 0., 0., 1., 0., 0., 0., 1. ]
projection: !!opencv-matrix
   rows: 4
   cols: 4
   dt: d
   data: [ 3.6038051332567244e+02, 0., 2.4926874373482204e+02, 0., 0.,
       3.5945523002476477e+02, 1.9928311975926641e+02, 0., 0., 0., 1.,
       0., 0., 0., 0., 1. ]
