%YAML:1.0
cameraMatrix: !!opencv-matrix
   rows: 3
   cols: 3
   dt: d
   data: [ 1.0550620949348256e+03, 0., 9.5388113181968185e+02, 0.,
       1.0547936615099175e+03, 5.4305706497437461e+02, 0., 0., 1. ]
distortionCoefficients: !!opencv-matrix
   rows: 1
   cols: 5
   dt: d
   data: [ 6.1609373163656646e-02, -7.1108617275073394e-02,
       -2.8743109284585188e-05, 8.5437744932885626e-04,
       2.1572009960761012e-02 ]
rotation: !!opencv-matrix
   rows: 3
   cols: 3
   dt: d
   data: [ 1., 0., 0., 0., 1., 0., 0., 0., 1. ]
projection: !!opencv-matrix
   rows: 4
   cols: 4
   dt: d
   data: [ 1.0550620949348256e+03, 0., 9.5388113181968185e+02, 0., 0.,
       1.0547936615099175e+03, 5.4305706497437461e+02, 0., 0., 0., 1.,
       0., 0., 0., 0., 1. ]
