%YAML:1.0
depthShift: -1.8008159317354114e+01
