%YAML:1.0
cameraMatrix: !!opencv-matrix
   rows: 3
   cols: 3
   dt: d
   data: [ 2.6749100972580499e+02, 0., 2.5383792887461101e+02, 0.,
       2.6736478143888058e+02, 2.0575307151248330e+02, 0., 0., 1. ]
distortionCoefficients: !!opencv-matrix
   rows: 1
   cols: 5
   dt: d
   data: [ 8.3083981525482395e-02, -6.8196862614392964e-02,
       2.0858281262768042e-03, -6.3443218635814104e-04,
       9.7156150258789341e-04 ]
rotation: !!opencv-matrix
   rows: 3
   cols: 3
   dt: d
   data: [ 1., 0., 0., 0., 1., 0., 0., 0., 1. ]
projection: !!opencv-matrix
   rows: 4
   cols: 4
   dt: d
   data: [ 2.6749100972580499e+02, 0., 2.5383792887461101e+02, 0., 0.,
       2.6736478143888058e+02, 2.0575307151248330e+02, 0., 0., 0., 1.,
       0., 0., 0., 0., 1. ]
