%YAML:1.0
cameraMatrix: !!opencv-matrix
   rows: 3
   cols: 3
   dt: d
   data: [ 3.6489886674544914e+02, 0., 2.6290553743468888e+02, 0.,
       3.6530451379447976e+02, 2.0817880579034656e+02, 0., 0., 1. ]
distortionCoefficients: !!opencv-matrix
   rows: 1
   cols: 5
   dt: d
   data: [ 1.1570278381959243e-01, -4.6672100992816185e-01,
       1.4243590571555653e-03, 3.1807318069358636e-03,
       4.0179715325457727e-01 ]
rotation: !!opencv-matrix
   rows: 3
   cols: 3
   dt: d
   data: [ 1., 0., 0., 0., 1., 0., 0., 0., 1. ]
projection: !!opencv-matrix
   rows: 4
   cols: 4
   dt: d
   data: [ 3.6489886674544914e+02, 0., 2.6290553743468888e+02, 0., 0.,
       3.6530451379447976e+02, 2.0817880579034656e+02, 0., 0., 0., 1.,
       0., 0., 0., 0., 1. ]
