%YAML:1.0
rotation: !!opencv-matrix
   rows: 3
   cols: 3
   dt: d
   data: [ 9.9855399180048143e-01, 3.4144758244918326e-02,
       4.1521812866493008e-02, -3.6366682602158466e-02,
       9.9787902913508719e-01, 5.3989884320395379e-02,
       -3.9590274763353778e-02, -5.5421825094559021e-02,
       9.9767781946245060e-01 ]
translation: !!opencv-matrix
   rows: 3
   cols: 1
   dt: d
   data: [ -1.5530690645272618e-01, -9.6657916008569350e-02,
       4.0771270597854542e-02 ]
essential: !!opencv-matrix
   rows: 3
   cols: 3
   dt: d
   data: [ 5.3094293099513242e-03, -3.5327837805759509e-02,
       -9.8634695060387870e-02, 3.4563671907155341e-02,
       -7.2152670274981401e-03, 1.5663915284530791e-01,
       1.0216614484236199e-01, -1.5167714385445000e-01,
       -4.3715900129681386e-03 ]
fundamental: !!opencv-matrix
   rows: 3
   cols: 3
   dt: d
   data: [ 9.8495994206215851e-07, -6.5464410164718230e-06,
       -5.5729915441425342e-03, 6.4067479795029746e-06,
       -1.3359421460709250e-06, 9.1884927237418246e-03,
       1.5512530857002700e-02, -2.2522081196361312e-02, 1. ]
