%YAML:1.0
rotation: !!opencv-matrix
   rows: 3
   cols: 3
   dt: d
   data: [ 8.9086994027265964e-01, -1.4378891918536807e-01,
       4.3090079628389122e-01, 1.1613818439627402e-02,
       9.5548016133180158e-01, 2.9482669574278009e-01,
       -4.5410997427918187e-01, -2.5764783721362405e-01,
       8.5287849265842230e-01 ]
translation: !!opencv-matrix
   rows: 3
   cols: 1
   dt: d
   data: [ -9.1352724293421950e-01, -5.6973176269717418e-01,
       9.8576602170462779e-01 ]
essential: !!opencv-matrix
   rows: 3
   cols: 3
   dt: d
   data: [ 2.4727236850441536e-01, -7.9508972100291342e-01,
       -7.7654210594347295e-01, 4.6334748408662874e-01,
       -3.7711054920829512e-01, 1.2038951016582693e+00,
       4.9694736186637717e-01, -9.5477827184358521e-01,
       -2.3834348290870555e-02 ]
fundamental: !!opencv-matrix
   rows: 3
   cols: 3
   dt: d
   data: [ 1.5234243278831230e-05, -4.9007937720042234e-05,
       -6.5808288225065329e-03, 2.8553714723494627e-05,
       -2.3250349158326091e-05, 1.7380931071668420e-02,
       2.2643657219189339e-03, -2.7172984644985832e-03,
       9.9999999999999989e-01 ]
