%YAML:1.0
cameraMatrix: !!opencv-matrix
   rows: 3
   cols: 3
   dt: d
   data: [ 1.1073679248188384e+03, 0., 9.5992622664294299e+02, 0.,
       1.1062085428406888e+03, 5.8822986364901919e+02, 0., 0., 1. ]
distortionCoefficients: !!opencv-matrix
   rows: 1
   cols: 5
   dt: d
   data: [ 1.0380056621440333e-01, -1.4280278896668275e-01,
       1.6095560657976963e-02, -4.7710736005265072e-04,
       1.1527483474477555e-01 ]
rotation: !!opencv-matrix
   rows: 3
   cols: 3
   dt: d
   data: [ 1., 0., 0., 0., 1., 0., 0., 0., 1. ]
projection: !!opencv-matrix
   rows: 4
   cols: 4
   dt: d
   data: [ 1.1073679248188384e+03, 0., 9.5992622664294299e+02, 0., 0.,
       1.1062085428406888e+03, 5.8822986364901919e+02, 0., 0., 0., 1.,
       0., 0., 0., 0., 1. ]
