%YAML:1.0
cameraMatrix: !!opencv-matrix
   rows: 3
   cols: 3
   dt: d
   data: [ 3.6985137358492034e+02, 0., 2.5429253304325914e+02, 0.,
       3.6939958552755695e+02, 2.0434198841235727e+02, 0., 0., 1. ]
distortionCoefficients: !!opencv-matrix
   rows: 1
   cols: 5
   dt: d
   data: [ 1.4119510263265739e-01, -3.9957880381858268e-01,
       -1.3920138717479619e-03, 6.9389770159738713e-03,
       2.9661421572301339e-01 ]
rotation: !!opencv-matrix
   rows: 3
   cols: 3
   dt: d
   data: [ 1., 0., 0., 0., 1., 0., 0., 0., 1. ]
projection: !!opencv-matrix
   rows: 4
   cols: 4
   dt: d
   data: [ 3.6985137358492034e+02, 0., 2.5429253304325914e+02, 0., 0.,
       3.6939958552755695e+02, 2.0434198841235727e+02, 0., 0., 0., 1.,
       0., 0., 0., 0., 1. ]
