%YAML:1.0
rotation: !!opencv-matrix
   rows: 3
   cols: 3
   dt: d
   data: [ 9.9741133493569367e-01, -1.6233542289853967e-02,
       7.0050703397760192e-02, 1.7777606630928523e-02,
       9.9961131039261453e-01, -2.1475214495695293e-02,
       -6.9674856614659900e-02, 2.2664956207407019e-02,
       9.9731224504457128e-01 ]
translation: !!opencv-matrix
   rows: 3
   cols: 1
   dt: d
   data: [ -2.0831888451134375e-01, -7.0987978708972582e-02,
       3.6776067007457509e-02 ]
essential: !!opencv-matrix
   rows: 3
   cols: 3
   dt: d
   data: [ 4.2922867852209457e-03, -3.8370711961102401e-02,
       -7.0007406490128460e-02, 2.2166277679138945e-02,
       4.1245325556054221e-03, 2.1033516375926459e-01,
       6.7100803425866454e-02, -2.0939029948035542e-01,
       9.4464505697338368e-03 ]
fundamental: !!opencv-matrix
   rows: 3
   cols: 3
   dt: d
   data: [ 4.8844793630260685e-07, -4.3717995139717565e-06,
       -2.1773279708052276e-03, 2.5250922504770763e-06,
       4.7042462535878976e-07, 8.1235941680111688e-03,
       6.5014843686511635e-03, -2.2498656750131633e-02, 1. ]
