image_width: 808
image_height: 608
camera_name: narrow_stereo
camera_matrix:
  rows: 3
  cols: 3
  data: [1302.595289, 0.000000, 443.729039, 0.000000, 1301.307651, 315.813510, 0.000000, 0.000000, 1.000000]
distortion_model: plumb_bob
distortion_coefficients:
  rows: 1
  cols: 5
  data: [-0.318714, 0.198814, 0.000951, -0.000850, 0.000000]
rectification_matrix:
  rows: 3
  cols: 3
  data: [1.000000, 0.000000, 0.000000, 0.000000, 1.000000, 0.000000, 0.000000, 0.000000, 1.000000]
projection_matrix:
  rows: 3
  cols: 4
  data: [1260.288452, 0.000000, 445.270208, 0.000000, 0.000000, 1276.094971, 315.927463, 0.000000, 0.000000, 0.000000, 1.000000, 0.000000]
