#vicon2k2
root_frame: k2
translation: 
  x: 1.2670175
  y: 2.01711847
  z: 2.94549553
rotation:
  x: 0.70941755
  y: 0.70382858
  z: 0.00935435
  w: 0.03556084


