%YAML:1.0
cameraMatrix: !!opencv-matrix
   rows: 3
   cols: 3
   dt: d
   data: [ 3.7749519711087669e+02, 0., 2.1791430890633728e+02, 0.,
       3.7877413643749912e+02, 1.9544434414464138e+02, 0., 0., 1. ]
distortionCoefficients: !!opencv-matrix
   rows: 1
   cols: 5
   dt: d
   data: [ 7.1732352227950075e-02, -2.0339397176311055e-01,
       -6.3616819491589417e-03, -1.8760885517196103e-02,
       1.0334292398356147e-01 ]
rotation: !!opencv-matrix
   rows: 3
   cols: 3
   dt: d
   data: [ 1., 0., 0., 0., 1., 0., 0., 0., 1. ]
projection: !!opencv-matrix
   rows: 4
   cols: 4
   dt: d
   data: [ 3.7749519711087669e+02, 0., 2.1791430890633728e+02, 0., 0.,
       3.7877413643749912e+02, 1.9544434414464138e+02, 0., 0., 0., 1.,
       0., 0., 0., 0., 1. ]
