%YAML:1.0
rotation: !!opencv-matrix
   rows: 3
   cols: 3
   dt: d
   data: [ 9.3622645602717802e-01, 1.0520576999265709e-02,
       3.5123971941452331e-01, -9.3994986151873128e-02,
       9.7062660517902766e-01, 2.2146994355204333e-01,
       -3.3859262486519065e-01, -2.4036079293062459e-01,
       9.0971518818180763e-01 ]
translation: !!opencv-matrix
   rows: 3
   cols: 1
   dt: d
   data: [ -1.2576778708501326e+00, -6.7699051555340539e-01,
       -3.6546432973513560e-01 ]
essential: !!opencv-matrix
   rows: 3
   cols: 3
   dt: d
   data: [ 1.9487218105760856e-01, 5.1745137880977232e-01,
       -5.3492918977723936e-01, -7.6799782575828468e-01,
       -3.0614134591030107e-01, 1.0157630723203377e+00,
       7.5203184519465238e-01, -1.2136132713453998e+00,
       -4.0751888334561309e-02 ]
fundamental: !!opencv-matrix
   rows: 3
   cols: 3
   dt: d
   data: [ 3.7298139457175872e-06, 9.8704734522861180e-06,
       -6.6068684507858601e-03, -1.4693614589428548e-05,
       -5.8374309255732995e-06, 1.1679064391791559e-02,
       2.0045849672089746e-02, -3.1036126448591494e-02, 1. ]
