%YAML:1.0
cameraMatrix: !!opencv-matrix
   rows: 3
   cols: 3
   dt: d
   data: [ 1.0762337140712764e+03, 0., 9.4543440023372909e+02, 0.,
       1.0766517768486331e+03, 5.4997491109041948e+02, 0., 0., 1. ]
distortionCoefficients: !!opencv-matrix
   rows: 1
   cols: 5
   dt: d
   data: [ 4.2497353831861401e-02, -2.4233995430058154e-02,
       4.5156090284607731e-03, -1.4726768519372519e-03,
       -1.4535982463676211e-02 ]
rotation: !!opencv-matrix
   rows: 3
   cols: 3
   dt: d
   data: [ 1., 0., 0., 0., 1., 0., 0., 0., 1. ]
projection: !!opencv-matrix
   rows: 4
   cols: 4
   dt: d
   data: [ 1.0762337140712764e+03, 0., 9.4543440023372909e+02, 0., 0.,
       1.0766517768486331e+03, 5.4997491109041948e+02, 0., 0., 0., 1.,
       0., 0., 0., 0., 1. ]
