%YAML:1.0
depthShift: 3.2895081235915747e+01
